{
  "FamerPosition": {
    "x": 10.4431572,
    "y": 6.80464172,
    "z": -1.08333075,
    "normalized": {
      "x": 0.834688246,
      "y": 0.5438733,
      "z": -0.0865871757,
      "magnitude": 1.0,
      "sqrMagnitude": 1.0
    },
    "magnitude": 12.511446,
    "sqrMagnitude": 156.536285
  }
}