{
  "FamerPosition": {
    "x": 17.0097446,
    "y": -2.401363,
    "z": -1.08332968,
    "normalized": {
      "x": 0.988218069,
      "y": -0.13951239,
      "z": -0.06293839,
      "normalized": {
        "x": 0.9882181,
        "y": -0.1395124,
        "z": -0.0629384,
        "magnitude": 1.0,
        "sqrMagnitude": 1.0
      },
      "magnitude": 0.99999994,
      "sqrMagnitude": 0.9999999
    },
    "magnitude": 17.2125416,
    "sqrMagnitude": 296.271545
  }
}