{
  "FamerPosition": {
    "x": 14.6695251,
    "y": 2.01531219,
    "z": -1.08333015,
    "normalized": {
      "x": 0.988054,
      "y": 0.135739714,
      "z": -0.07296682,
      "magnitude": 1.0,
      "sqrMagnitude": 1.00000012
    },
    "magnitude": 14.8468866,
    "sqrMagnitude": 220.430054
  }
}