{
  "FamerPosition": {
    "x": 2.27584314,
    "y": 2.65104,
    "z": -1.08333015,
    "normalized": {
      "x": 0.6221524,
      "y": 0.7247208,
      "z": -0.2961524,
      "magnitude": 1.0,
      "sqrMagnitude": 1.0
    },
    "magnitude": 3.65801573,
    "sqrMagnitude": 13.38108
  }
}